m0,16999390000000003d0,0009244269062749881t0,156943 0,2011778 0,1955001 0,1263547 
m0,208900675d0,0027258463861268706t0,2761362 0,1860767 0,1373206 0,2360692 
m0,215071275d0,0038137335906318764t0,3137341 0,2164006 0,1811935 0,1489569 
m0,10167087500000001d0,002181930022996872t0,1238472 0,1540623 0,1012034 0,0275706 
m0,1432948d0,0020292653522849986t0,1864759 0,1872354 0,1159602 0,0835077 
m0,151264975d0,0014045163089518725t0,2089434 0,158615 0,110912 0,1265895 
m0,194198975d0,0008746212836618777t0,1808748 0,2343914 0,1548364 0,2066933 
m0,22582647499999997d0,00619612614903689t0,3227396 0,2592062 0,1068747 0,2144854 
m0,342116525d0,024885369057341886t0,3883569 0,5805181 0,2051562 0,1944349 
m0,20285985d0,0014850163989824985t0,1594335 0,2122418 0,1787318 0,2610323 
m0,259234175d0,01344709304352687t0,4247387 0,2430007 0,0980187 0,2711786 
m0,263861225d0,017083149890366883t0,4732879 0,2391717 0,1131849 0,2298004 
m0,165908975d0,0029260410120018794t0,2259778 0,2134672 0,1166957 0,1074952 
m0,165965625d0,002987579627601874t0,215139 0,219939 0,1398829 0,0889016 
m0,114458625d0,0027160364382218735t0,1914794 0,1303578 0,0814542 0,0545431 
m0,118641575d0,0007654041561918762t0,120683 0,1318245 0,14823 0,0738288 
m0,111615325d0,005392797430631875t0,1671677 0,0840164 0,1907319 0,0045453 
m0,0838274d0,001521677522075002t0,0975777 0,097897 0,1214573 0,0183776 
m0,13883872500000002d0,0016209648397618667t0,1923821 0,1625408 0,1062055 0,0942265 
m0,159130975d0,005643386366521879t0,2775404 0,1626542 0,1216865 0,0746428 
m0,13288567499999998d0,001761532552381883t0,1870443 0,1577537 0,1070096 0,0797351 
m0,127686575d0,0038609109897968716t0,2305147 0,1174497 0,0968612 0,0659207 
m0,122509725d0,004071897748321875t0,2232429 0,0976245 0,1209498 0,0482217 
m0,3026167d0,09115792519093499t0,8238026 0,1353845 0,1601995 0,0910802 
m0,11836045d0,0014768861209024965t0,1670389 0,142644 0,0938489 0,06991 
